1528108405744583338
2883492515133062955
830551664052244655
1187638468590969912
709640913966518229
1384525565537843774
863679694317552710
4023364825948747538
2102901477313730040
396366775498890592
18258555913462648
508938492723453243
289704282410286460
65127811832142026
1005449810323600045
1984905851679662058
836378883674679276
1541504412766184523
2214278912624469208
1040558112254608462
1870261181904066417
1645521531185206899
460507503000234008
3423347765323976152
305388487476536550
208747855973572238
587904182096957180
1432370610159837588
5925580686304540
133181225433877876
1066602991912732125
3540422258323230468
663785773819805680
1315486339339732734
1578266716510270241
96299766654202980
1880673477741872190
3094761841091526738
968271595397277976
1044932673123491250
526503375409300296
1786221728655247128
1263214167063024192
943338119166523353
1109487683966156846
2596451167281535920
2602888241146548768
1872990554528562868
1497105494762576436
2874482060226540666
480231126266853150
4032246378892882052
599969526572399667
1277054048290871494
803094791583761964
1114471727322068912
466136558272804280
238899848575184126
1068802213841297985
709279028967030836
59985779795462760
1737558496573437627
4246194829119857787
1209513088208364675
1274730837655779243
315080249553668352
658809016027746441
514534847258411490
459142325070957998
563860037675612656
326558393632176888
126347928031087828
195081458271370557
2695577801941053360
2929172562055279220
2240443696394844660
58156781641856508
187682467809177410
65978007662481546
1744212877885374155
1997729661410143952
37798835197042192
942293338086516350
514947216349709500
248747872872331976
290375286235869336
17715573555485872
494011544064585813
294672968464208855
3451402146534807024
914934583703703032
1209350184508010636
315860497812507925
1853794547458902354
1392407779933450910
2335163175102707873
2168897576153885355
122153673287462104
3555883889403060573
3346798627262697912
3359678203658657504
4097701074741835009
1529290088428163794
627629175383845040
315643737723351472
743200855553528064
665176115569910373
1023810171692959332
350894878054977732
216515189723123010
671599216743496510
2287921577585116700
705278375746749960
375756225908173195
1288379417200747844
1963700222672550858
1314882137305459488
6475324743852879
952045259878461420
898765466629692628
1504430269938953016
677775196561822557
599499122866293728
117184583626231480
1328746518032524910
1981775083407556605
295541692254385530
1761689629137745790
1106587148371739520
690489813787843944
2908139004153128730
774891869804954528
215204597979402756
1054027727120340588
296612173718756688
185562114305853600
1577655110622445348
887688358070613450
1031704725739990228
288460536519878463
16245203352213330
1264814143378571102
378846269002061580
4062529373505725219
2465881455700251404
383130845806004307
1370551103429046084
3984922547599173050
809082001745479516
2005886594859652560
1240663321574139560
3666331026228789792
1323693644795629152
205593066215643420
1963276186007538822
1815262683145180444
665723859004911856
569268002892722931
466572725692490560
1369596426438356754
2799385313241054006
182419513126120236
278779157160427855
229786609780062581
1395893321835128784
2606359708416987529
3157307359943417980
766327956635998740
1198093067023952050
727002317218481472
50594719079998080
321896625758925518
483370671725917076
139297575394432920
1841609789642083824
714420922426577200
2314229667614960625
353525646552683378
2547889058988718880
496234417735239274
1095884102355224620
1509489283103117160
367338717470421429
2148164075242724184
1536229763145920460
563249032084675976
10246089023037451
2797277154676984848
155300473126506750
2877948538425784120
101821932617466836
3220474271740947565
460874124447600107
374733596362774952
175801389262460594
914472165650317434
491419358872458688
12689934343326212
1648288679604840464
1412492616849806856
323889701331300792
1414026651572383776
993158402226459084
1247117866756661088
373240967928080744
1478337394760638899
1701716642932315184
894159166543869060
31947616399421982
722697140551596672
500951280038667000
1108871793874221036
1446753672707000510
1293730522465927999
110427107884521411
924076081573327676
2413622428949994750
314081104748283392
559287413480018300
341385812481606453
2595492978025852560
370682213321196294
631793099424579840
410930187868484756
380205546481281400
37342363985463512
670103604025259418
1038598844036053057
780298778260750078
2342298971751410484
2561799288711404500
1003936756922770086
17886040712765009
2074197742140889690
1833012012710171588
958186613457721305
1200610405838717016
2506615046789797236
23189818499224265
200999811939507905
535540071287613300
1833849646686432098
29632493238261
368203538694561596
2591833652939692140
285187539800245992
2705208578894585310
943709667212681880
760222497814964829
364846381161011632
2582951697898750962
796887426135012120
1284623690262643503
2193532187811631029
3177766377892905750
996134865681947532
2373763334011442418
1259883215048801940
3463240591446001868
2232071040476957152
3016559297340447390
1400673499723820432
2375503524417924600
2233322132893393644
2842598962280409632
732434515935384762
362307257120666340
3173611149333699590
2674999057132693080
1164134344732739183
1777154176808173339
368429981587634432
88021016501552970
1674859060140056080
1977650288981211348
254454792965792090
114147370811463786
1444597364113558555
1329543169204916460
274283584359699456
463403330465171308
57769676386316680
2150913052403948952
1200463090317589560
2190796694852726213
20110701743290095
1764969531800858406
225628087991911935
2684174522640131834
1575151321764017101
1720319005264651587
4168925062851508146
3180271022182438698
825679868533624359
482606918557614900
2041945770418946684
3944744956002788700
388173417161200242
2757791767733345917
1074792507783130494
3384134562409338730
615787846162553863
1433892820342123547
548103664995357868
793745677903144531
2763763935572278122
589342650573703980
438134564394434972
342826434387816555
1767139392340184797
1860614860778483834
152246462095765597
630639547341628851
29986566298838380
38650826489707620
2137567656338511850
3818460389510544796
357542947701335032
1788645883586066109
2845776483011625584
209814810938968040
1489166031382405578
3101122672844872140
599006406519263748
534026639831143245
2487941726161772544
3064167494153785008
239618160021111113
156477817417606608
508888181897708589
132926429739321650
60552824175304160
88992688766770890
1381334292111337587
425688053809976484
199861127236840870
901435893665641125
590281130816513370
1026957881206623352
497936585240207574
69138547845254010
2827797905621687204
1640190078003709510
86114500948358382
613284829546800718
1057282294679015958
2652406304998969182
79004861576207382
2840402693485975483
2197318911462170550
1304904522850009872
1033886545737199720
705691928125108998
145676682016041310
73585037715020667
153319380175478279
157718185645821944
3878769158762894175
239036682424260780
555852672404165412
457061013192557965
1284215620869793220
3482991789670649520
1413794581010167431
757636834379335605
771882312288906597
41325000948560004
1493011821146896250
495812204108885604
568021404742571910
2022819247096252605
550026873206782880
1079527022967258542
751098021352219551
813678629935022676
63050763712139400
2361629583062351380
990286669034914860
2060280179863776162
295659141935556272
173727366682066659
2508947323644917680
2011403247212609444
3258195680885337360
570952243523114376
4832860885650340
11406549073978861
956647428413908500
1919153228154078122
168710603445885798
425976263663281428
184789531827608670
95317707630659328
2005204394845988622
411774698629792428
664458452657187920
1662172762611109658
25027962849053946
1965159799913861768
3164270476215302252
350174406005333184
442927317290899590
303395690620747197
354916178180525655
954636707985929696
749428518822963642
339241135699227803
3824492406108848249
1090681074986490813
914538328163058768
977190067982529840
359940068813665872
141661548063531132
416777737268048616
464867833186508070
566394200258879892
1630080000025686651
1358645428245849060
432517779931667584
90868382993249751
389586328301220000
334334577819084777
616603951908488234
16286254944843282
268898558416909542
302919112999612781
2481592608659721797
3640215952444320904
13637310132133875
430557880698888150
468658505235633860
1066774887125060850
2061900547540728741
1011497771846356414
2191000650354960843
942313150023246760
1361995340230104742
171695130121290105
1443184867315747200
3219382016690373688
3256481545422687492
2092828254930099504
1486854460130605254
1341060501715819990
91326733420119356
2090686931453319405
92270627132826714
702327562134911808
2862978623995782458
565812227107576383
152389838560290024
418867411990499586
598106151899668180
265023535739614902
2872105468832145910
518783558212935050
3361517672898142170
193083531173335464
1667495136083395120
937891329461997300
1956211271486911992
3121485801274712250
101468042895144960
1681535617456670374
2727736006136032736
100627737009319422
700962350015386050
296978103162441800
773771233855594550
300664488081691761
1305967182166981776
291902510282620050
2785989779388522729
674548474427645202
494868817508528099
188694641222253999
1796936595247560480
2742564223284086322
1001940400311919680
302647480325314761
654464831648696640
175111914158915848
1659511782413578997
431295288156208923
528325923327107862
249551419713780184
11746872632663135
1076779791514319664
2062484315920397880
36183912059584680
3430335517258931848
448681013135575712
950255178038474644
1651331241181079766
1779952555263751960
2929576533527438430
361631157059125000
597883055797048151
1006094968224340324
852640527608748822
1350308793564554462
1521443624821067626
14582070278766939
237446682401370645
1420048323427644394
711875646441460664
353052588189530356
1011460376934346200
79948989942415084
352048031245760583
3999587142526425642
683377993487191590
298437801699781764
1728474837704139770
2476672999546701452
250010456239910869
203382593689667252
2679430212572240880
437804133370285872
589716451971007190
571494656150767440
1118717025747971815
3332816473938997673
391425226011103963
5019573871505312
3724695815609585800
76771401419874546
186354719747562996
2235629563375366928
156719184741147000
867476306226962739
2318967741162719656
525376569078450284
2491317047428728520
316597211048089440
842577131263186286
1537835251269812010
436537420129618836
3637830611915065137
814882655714697415
383971685977678392
3666198352561393470
11090387580814501
249320931331885663
757875642626714040
126008196718443660
1166768368407295501
1146733523976081934
1721260609933157895
2756255835064802915
1273236881381025008
39359339390815680
1552295879615092378
121163791080340218
1075185096378074780
626014776074667345
12209623437046390
2863692013455346150
47745325627131400
520874213021931300
632580901766824208
2711162811564960621
696862398562132916
593079476029364622
116107093586527776
1796993231453542277
1160959408895612619
3593855702878398624
1704934398324432975
150728760360778326
410537087449819904
2656394217571061968
1042047871818534936
903831308706091262
1606339800402943018
53955207924929088
1981739531429181991
2147615280945928864
751854014420260361
1550490185271744750
642159462999482601
500894957087951328
535420203967218573
27600080728248124
266025362849113140
377158493976348780
465115218438419150
8797731842393211
1823199185683199680
596566436979626288
561237190678057320
3492042794673538182
452947369332374800
1626148353027361258
197682151999656460
3822978059098716884
786453949512538466
275312848602654483
947692640103796200
818455829214459450
2079743738061975683
2929968119486626260
2927643084624540807
1435290492627311259
766618429182901740
2173197859341711405
2127050519312474112
268456575329781444
1419724657928254008
115324902977972990
1879489471016171190
1820994938329158079
502093597485220773
756446181914767006
21699386830394149
1786900734553928296
1906639911056428860
97800208991366290
3311667989134815335
748478105888911866
221345201299261974
16347782696871471
2065689876050057214
662353133424802039
3415843082290021098
2418592181181926376
911080143794574236
64068879815992317
3109301885738976554
567888304670400528
567159190939741820
1537332258510701667
4221617288237085146
1821179866704927025
477653423556377211
33492822939050
44925667342360574
43157606539007394
1430040470863141290
1931322755900771800
535573462797951344
830034319756052753
173558817458150848
2645394219379873332
1489674519905936810
221590657018292497
59572914563911608
163107559313451966
54186497122771500
3509635910261718134
909750985049324349
375927579939308354
1519825994902097378
1239046468576028712
1283192391796944216
25808061062515844
1204589696065979888
2788772183677303220
1485578825062267680
464254198278405876
1644933824303475751
796680603153506572
171062663887532904
321353796908965827
105118830939531985
167705550446762848
125793646671585405
3715971993486548890
1502727909591861445
915534501857970071
1442355592126430476
1807868154200010292
1525958781221159500
965271507872259796
261586551645099099
716023991037975282
1300624450578936
156220751193847800
1324689860999759292
28724715175428618
822087322618281630
1231329293576088992
618504462468471215
615338032699543538
7507712874008931
1894423656886360820
872201616516761678
51974247243712703
1965918117905521896
2452571923560416084
960444245212816318
2433329705730919050
1453850372554282300
1091982813869029212
48873010330341284
1329854228863934550
112735771098218912
1015621885062973440
8766644485936194
2830521020594367013
90866214057476583
652505413151932150
39511001527515224
2463910935487725856
1026367173711568680
1323323911650145498
2120011281688283841
384862174136158340
1004812775759287800
1007731091751612832
1138982031701405210
116694358234140155
1637987491798753410
3193422733722079287
1489296305034174090
1500045530907119040
746834667223911784
878764135108928400
843099731147070628
141772827120554240
3149785373832170457
1251840690020278440
1432693503971009038
2438538108780251772
8203045874799599
640273385416800030
2329406894231696656
2042978890801835690
2170150304954818750
1218815678306398689
62365939132290629
60707614717659404
4836223287500559
862966350196371343
1606489974309429456
976992815313635586
484601332838183483
198484027381011464
1146959237613548493
180944967139349634
788721025341199272
217000552541777600
3484447510633883628
236532642419793536
613779425839975374
772198162274501950
1750508081426609395
2163201089996577372
265064264420353650
78985885100387616
2500294141504093998
459308452045620156
1175004428647810784
889701231360080376
854103042071056008
2391095411689786300
2527610404863865941
1009782076087764796
675207822511520285
2450592602226153286
1167109428760268546
44104570932680066
2413404062823157002
635310006943294800
1727176535129017116
1077500948949124979
1127969228804454400
673323532255556334
1024879741664310945
3583428466381413700
581743723106896232
185337588107017237
40294435148495286
2437884832846176824
1094858926466433375
394628547830456290
1333519764638384180
2999499850177493472
1122451713613152901
351820992033122568
2135076844488774490
8938149624730035
2257416344329792128
852783315045431211
609692374076079800
138525483936060732
1252327550911029927
380699569691510800
2014126107570106152
1783080540285146050
2020154266933485760
273256983302742320
5517084784028670
36682609829471206
399788387681609164
98353831297014524
3866232517633225786
96116874800499612
918118170884534688
802456174944386670
1942587366276086746
244032142137300740
1194283346636308864
3607713082382151768
1110510486290738715
619458859337317476
557337057082274691
723572825508380007
3380901828874360562
111723735645111680
3200604162306980
80452976171077713
667147941577060272
1963251267989376580
1941266463155210604
716694368457724520
3335092015326980958
1469066836909183500
1778496055061104805
49467686818331688
1063993198357225500
494007743506345669
2887793037765716320
1463475758881343742
3505308834013987902
118662362532123608
2965471316085836425
722922778140332238
3361264436531263223
622892763837563115
2496289856884847408
542895529963244279
197273443657123523
461932453177718490
1346484130906191816
1057592958778517022
120448096523617152
2555552765798939140
148860785848996701
1359563837807108652
969396533552499127
692367340241660220
455908234383254294
2051620961499444078
28671801897606264
2897776239539457612
401582759193044199
1475624182629128600
3441905248241480790
1609946869088147170
54696314570688324
220171086996657021
1786666537154573870
74839857690733924
356718170176530521
971450349329375370
490585858770051520
2366890763620711965
1632206443406113674
838826272772765400
6124981219903780
282466765308531440
396952983663226228
2738585789425139121
3861625756056308340
3717062988358157522
172393920752550035
284127221487839184
27026553067089730
272042639603131146
1461980895979765760
2390598661397138860
178947045635719928
1821008871428611541
3621724598808259544
1474682065015659885
3239921633200953339
357877190383028096
3006927596831644360
2493385958473616680
2199749594754763968
2802845180217652557
2584728832641111161
2642597155400369942
3399654866636967417
157108272047694567
2234883835820941424
8312477635727760
473519498462742508
210270841648195685
1358987897180024564
99423809108180706
417491675481661502
192702942388668173
3523451618265364098
424473563177535654
1733694506741287378
846226432854208420
649266749722478490
181717601898023380
235193793736001569
2055356525448160000
268992612896224000
607279372753763424
530245256127128728
982077686118778722
1312529406769387350
489108126350530486
2735723819412673240
1389632896421604560
2427846154324195422
224448997038841505
1689528382167001908
2312064869431017580
383707582957960200
290077170162903952
3362413024935133332
19187354594883048
899011425648790070
738953296716626208
1406065205195858832
1499231905803086
788408742383399292
576265088201636050
2418026649317281665
959512810676762463
1044957147422625740
2982688614843426216
611884818307149795
1806817414074864000
66940290535121224
3748638320801286428
3093081027549556719
1026092313873993
762836984518954122
2313546288550668792
165999973827244460
1148688335335825320
145597456288373760
87262073163497882
1844516213630813301
486826378620920000
228475413722636185
2345185123641291360
2643818068119776600
151991324165983198
2754505480678179475
1343456113907750934
2913375850946361460
673854408627339033
436941510431926400
174402044810306052
443046888230875864
1907225022098032460
620428244310381290
11560206415430952
231327783616464240
136883412630320488
201191742833108280
162289286993299414
2996264648070477225
2221158412142074470
1722686539183197616
1952535125486879856
679931016895585200
1646730433024799499
17394615618441472
2764555382226166206
39331581780198656
1841359225065334296
184428838246097016
1341605801391668112
2516042812360620340
562535473258133466
1832684999887808070
623541885287848524
53375410521930487
955511646470928540
591755298526949628
34376039651262547
177369515028513896
2239850757330488600
37714248988411320
1118998395006536236
650975835730012772
2348717673611263161
558490285473128159
1556155679174626600
771271411898606580
2411730433057673385
637125628509862524
917805058324636859
494506271010971286
3363498845109767250
323813050569263411
1022769919271943172
327182231993759905
267822392062872416
461869575520492709
1564773900962626622
71783460978106072
92556275384401094
1171481835532043252
216940763433249140
209804677568102190
2102591152112369196
239219302251857136
1051290034303995582
619165996446929160
811440585218721641
371593633191840174
485074053071667804
875503235396115664
21054702114626180
1513225375674798030
2135731748032062450
545904649564644816
260755149197739130
2589407350000422050
20117811807281430
1487974369513456836
1940675445801476846
1317300415626689585
2808240163427726685
